[250,10] Rep: 1;0,70
[250,10] Rep: 2;0,70
[250,10] Rep: 3;0,80
[250,20] Rep: 1;0,70
[250,20] Rep: 2;0,85
[250,20] Rep: 3;0,70
[250,30] Rep: 1;0,83
[250,30] Rep: 2;0,73
[250,30] Rep: 3;0,86
[200,10] Rep: 1;0,70
[200,10] Rep: 2;0,80
[200,10] Rep: 3;0,80
[200,20] Rep: 1;0,70
[200,20] Rep: 2;0,65
[200,20] Rep: 3;0,70
[200,30] Rep: 1;0,76
[200,30] Rep: 2;0,73
[200,30] Rep: 3;0,63
[150,10] Rep: 1;0,75
[150,10] Rep: 2;0,80
[150,10] Rep: 3;0,83
[150,20] Rep: 1;0,60
[150,20] Rep: 2;0,70
[150,20] Rep: 3;0,70
[150,30] Rep: 1;0,76
[150,30] Rep: 2;0,76
[150,30] Rep: 3;0,73